0.058371 0.186968 0.754660
0.008490 0.173329 0.818181
0.112027 0.345837 0.542136
0.046474 0.238042 0.715484
0.089213 0.308291 0.602496
0.056096 0.330691 0.613214
0.072815 0.323464 0.603722
0.045875 0.339820 0.614305
0.021428 0.210174 0.768398
0.084174 0.232431 0.683395
0.031992 0.227784 0.740224
0.012120 0.135796 0.852084
0.051690 0.172182 0.776128
0.031499 0.143024 0.825477
0.115216 0.250350 0.634434
0.064955 0.238023 0.697022
0.031244 0.175362 0.793394
0.027676 0.202601 0.769723
0.017772 0.192626 0.789602
0.000347 0.165789 0.833864
0.065821 0.255272 0.678907
0.030887 0.219897 0.749216
0.000010 0.179873 0.820117
0.154108 0.221529 0.624362
0.033575 0.217681 0.748744
0.053600 0.270766 0.675634
0.059360 0.404966 0.535674
0.081154 0.359538 0.559307
0.115368 0.401602 0.483030
0.105855 0.399889 0.494256
0.107694 0.413401 0.478905
0.080634 0.199120 0.720245
0.024750 0.273627 0.701622
0.046377 0.231065 0.722558
0.087208 0.257467 0.655325
0.032285 0.222349 0.745366
0.061227 0.210549 0.728224
0.033776 0.217553 0.748670
0.061545 0.503332 0.435123
0.044969 0.307049 0.647982
0.050657 0.203690 0.745654
0.051747 0.251757 0.696496
0.040783 0.223331 0.735886
0.079197 0.229693 0.691110
0.069546 0.162147 0.768307
0.065189 0.192223 0.742588
0.053201 0.210217 0.736582
0.064322 0.213662 0.722016
0.063040 0.202249 0.734711
0.000010 0.185509 0.814481
0.113074 0.334328 0.552597
0.057008 0.338330 0.604663
0.142906 0.217078 0.640016
0.090171 0.289737 0.620092
0.062923 0.392632 0.544444
0.075561 0.270543 0.653895
0.051548 0.373281 0.575171
0.048903 0.265815 0.685281
0.108214 0.293762 0.598024
0.070169 0.299297 0.630534
0.043607 0.341237 0.615156
0.061380 0.319545 0.619075
0.058779 0.347883 0.593338
0.067674 0.395918 0.536408
0.044871 0.288663 0.666466
0.054971 0.247972 0.697057
0.013537 0.297306 0.689158
0.071071 0.237642 0.691287
0.060497 0.232884 0.706620
0.074146 0.232421 0.693432
0.061618 0.299575 0.638807
0.077596 0.333582 0.588822
0.046572 0.351234 0.602193
0.038107 0.377882 0.584011
0.050554 0.215811 0.733635
0.007534 0.202154 0.790313
0.029789 0.214159 0.756051
0.021371 0.529142 0.449487
0.000015 0.999975 0.000010
0.000010 0.885464 0.114526
0.069153 0.268936 0.661911
0.070314 0.240899 0.688787
0.005425 0.017111 0.977465
0.214369 0.000010 0.785621
0.096922 0.000010 0.903068
0.062930 0.087201 0.849869
0.249967 0.094503 0.655530
0.168934 0.133314 0.697752
0.224124 0.088613 0.687263
0.233393 0.222937 0.543670
0.194197 0.161837 0.643966
0.226728 0.191299 0.581973
0.186616 0.124089 0.689295
0.191503 0.127666 0.680832
0.096784 0.039811 0.863405
0.163571 0.170127 0.666303
0.161766 0.088321 0.749913
0.214910 0.131936 0.653154
0.282025 0.034224 0.683751
0.236547 0.072331 0.691122
0.238307 0.236910 0.524783
0.205441 0.095594 0.698965
0.200001 0.167898 0.632101
0.300091 0.255369 0.444541
0.185688 0.093173 0.721139
0.383185 0.149273 0.467542
0.266959 0.115439 0.617602
0.085130 0.323752 0.591118
0.085879 0.238430 0.675691
0.041652 0.227767 0.730582
0.069593 0.382447 0.547960
0.000010 0.173724 0.826266
0.005616 0.263111 0.731273
0.078783 0.292513 0.628705
0.067680 0.364774 0.567546
0.066522 0.355226 0.578252
0.000010 0.199405 0.800585
0.039656 0.168371 0.791974
0.001222 0.183839 0.814939
0.088446 0.200986 0.710567
0.118942 0.188525 0.692534
0.039115 0.206234 0.754650
0.078057 0.309970 0.611973
0.077746 0.309987 0.612267
0.073019 0.328276 0.598705
0.184956 0.346768 0.468276
0.131838 0.424311 0.443851
0.159070 0.425569 0.415361
0.145401 0.337846 0.516754
0.122909 0.260226 0.616865
0.138405 0.300131 0.561464
0.107694 0.239597 0.652709
0.061923 0.219409 0.718668
0.070746 0.337936 0.591317
0.040388 0.289891 0.669722
0.025273 0.156376 0.818352
0.054970 0.237284 0.707746
0.039879 0.273610 0.686511
0.042095 0.268190 0.689715
0.000010 0.999980 0.000010
0.000010 0.899900 0.100090
0.000010 0.999980 0.000010
0.094128 0.351425 0.554447
0.040548 0.244183 0.715270
0.091931 0.257636 0.650433
0.268340 0.119107 0.612553
0.199436 0.030880 0.769684
0.224267 0.082083 0.693650
0.171312 0.079433 0.749255
0.228928 0.242258 0.528814
0.216029 0.149698 0.634273
0.101490 0.009117 0.889393
0.238952 0.012455 0.748592
0.146477 0.000010 0.853513
0.054894 0.056097 0.889009
0.247720 0.170457 0.581823
0.166140 0.096242 0.737618
0.205862 0.126191 0.667947
0.191857 0.140904 0.667239
0.248723 0.278775 0.472503
0.202127 0.246335 0.551537
0.000010 0.000010 0.999980
0.111963 0.027281 0.860756
0.300452 0.009632 0.689916
0.279660 0.009552 0.710788
0.211861 0.058550 0.729589
0.208300 0.062252 0.729448
0.176264 0.114552 0.709184
0.074284 0.394151 0.531565
0.112788 0.268799 0.618413
0.112328 0.278333 0.609339
0.096950 0.296828 0.606222
0.083582 0.388898 0.527520
0.013327 0.235304 0.751369
0.044738 0.269561 0.685701
0.076084 0.170216 0.753699
0.091958 0.217676 0.690366
0.067379 0.207672 0.724949
0.010136 0.278023 0.711841
0.096539 0.254158 0.649302
0.039248 0.282205 0.678547
0.539755 0.063283 0.396963
0.164280 0.511018 0.324702
0.367691 0.296846 0.335462
0.356257 0.079121 0.564622
0.159758 0.099850 0.740392
0.260256 0.071239 0.668505
0.139632 0.000010 0.860358
0.332602 0.041203 0.626195
0.194113 0.000010 0.805877
0.341318 0.087258 0.571424
0.221253 0.028822 0.749925
0.261483 0.039456 0.699062
0.125566 0.029452 0.844982
0.096157 0.015441 0.888402
0.134227 0.000010 0.865763
0.252836 0.063238 0.683927
0.233001 0.013647 0.753352
0.278233 0.004012 0.717755
0.192680 0.067187 0.740133
0.167632 0.117780 0.714588
0.187449 0.067313 0.745238
0.167081 0.203632 0.629288
0.252813 0.247687 0.499500
0.199666 0.204015 0.596318
0.215835 0.257466 0.526700
0.197711 0.187584 0.614706
0.194840 0.240560 0.564599
0.454896 0.165111 0.379993
0.259317 0.071468 0.669215
0.189871 0.037968 0.772160
0.243554 0.196486 0.559960
0.212361 0.116629 0.671011
0.242222 0.133397 0.624381
0.325706 0.076863 0.597431
0.271027 0.125171 0.603802
0.185394 0.028519 0.786087
0.163772 0.063832 0.772396
0.171050 0.022347 0.806603
0.068348 0.141975 0.789677
0.235782 0.405711 0.358507
0.161324 0.289483 0.549193
0.097838 0.347588 0.554575
0.071590 0.373253 0.555158
0.057677 0.376577 0.565747
0.043489 0.233107 0.723404
0.128269 0.320511 0.551220
0.075815 0.292137 0.632048
0.096373 0.304374 0.599253
0.117478 0.334583 0.547939
0.096203 0.350293 0.553505
0.096722 0.349790 0.553488
0.044432 0.239636 0.715932
0.023712 0.269548 0.706739
0.152148 0.208438 0.639413
0.115982 0.300646 0.583373
0.105399 0.298161 0.596439
0.102149 0.318076 0.579775
0.217254 0.153720 0.629026
0.169737 0.060913 0.769350
0.184628 0.090292 0.725080
0.469547 0.085555 0.444898
0.048413 0.013300 0.938287
0.000010 0.014627 0.985363
0.000010 0.000010 0.999980
0.169504 0.274278 0.556218
0.370220 0.059594 0.570186
0.282032 0.076964 0.641004
0.515224 0.064062 0.420714
0.232911 0.147526 0.619563
0.350408 0.104132 0.545460
0.195595 0.134728 0.669677
0.275694 0.254041 0.470265
0.283995 0.045330 0.670674
0.248001 0.150407 0.601592
0.346213 0.031475 0.622311
0.328108 0.077632 0.594260
0.363674 0.046683 0.589643
0.354705 0.088463 0.556833
0.319767 0.315461 0.364772
0.259121 0.442839 0.298040
0.295750 0.422940 0.281310
0.264225 0.259303 0.476472
0.125984 0.036892 0.837124
0.202436 0.149998 0.647565
0.110119 0.033393 0.856488
0.302319 0.082313 0.615369
0.258441 0.161467 0.580092
0.092119 0.058606 0.849275
0.153890 0.191638 0.654472
0.050731 0.039731 0.909539
0.191844 0.099023 0.709134
0.105050 0.034880 0.860069
0.395426 0.033462 0.571112
0.000010 0.022272 0.977718
0.175342 0.005565 0.819094
0.219582 0.483708 0.296710
0.303681 0.100762 0.595557
0.274486 0.307919 0.417594
0.071301 0.229695 0.699004
0.056769 0.051503 0.891728
0.035378 0.136049 0.828573
0.083875 0.002463 0.913662
0.139109 0.030377 0.830515
0.086514 0.000010 0.913476
0.369840 0.149601 0.480559
0.329930 0.188551 0.481518
0.361751 0.185577 0.452672
0.310280 0.047715 0.642005
0.292143 0.071955 0.635902
0.312106 0.054156 0.633738
0.156741 0.121301 0.721957
0.165486 0.543210 0.291304
0.124570 0.350802 0.524629
0.270735 0.302988 0.426277
0.688878 0.014474 0.296648
0.443693 0.053765 0.502543
0.570747 0.019256 0.409997
0.658310 0.018480 0.323210
0.999784 0.000010 0.000206
0.816005 0.000244 0.183751
0.414423 0.108856 0.476720
0.603680 0.033727 0.362593
0.501754 0.070762 0.427484
0.717082 0.130918 0.152000
0.549680 0.218494 0.231826
0.617153 0.197368 0.185480
0.888326 0.008603 0.103071
0.789244 0.001004 0.209752
0.840625 0.000010 0.159365
0.999979 0.000011 0.000010
0.781111 0.017174 0.201715
0.904140 0.000010 0.095850
0.983530 0.016460 0.000010
0.719626 0.202848 0.077526
0.878886 0.121104 0.000010
0.999980 0.000010 0.000010
0.987446 0.000010 0.012544
0.999980 0.000010 0.000010
0.830043 0.008878 0.161079
0.639787 0.159405 0.200808
0.737181 0.081061 0.181758
0.757323 0.024675 0.218003
0.661272 0.083363 0.255365
0.701338 0.054638 0.244025
0.999980 0.000010 0.000010
0.794298 0.029396 0.176306
0.923303 0.011699 0.064998
0.832715 0.094843 0.072442
0.864313 0.019839 0.115848
0.894154 0.047032 0.058814
0.727873 0.107786 0.164341
0.808851 0.018644 0.172504
0.778467 0.053013 0.168520
0.599476 0.088923 0.311601
0.674288 0.254928 0.070783
0.638723 0.183054 0.178224
0.867228 0.085767 0.047005
0.989511 0.010479 0.000010
0.955373 0.044617 0.000010
0.919282 0.011745 0.068973
0.940913 0.000010 0.059077
0.957099 0.000010 0.042891
0.999980 0.000010 0.000010
0.579761 0.114110 0.306128
0.647294 0.023558 0.329149
0.999980 0.000010 0.000010
0.827593 0.003818 0.168589
0.662549 0.056237 0.281214
0.554078 0.260142 0.185780
0.593153 0.200983 0.205863
0.826628 0.079832 0.093540
0.999980 0.000010 0.000010
0.946323 0.053667 0.000010
0.685374 0.042834 0.271792
0.816560 0.008383 0.175058
0.779331 0.001966 0.218702
0.719336 0.029465 0.251199
0.738239 0.064960 0.196801
0.725695 0.049396 0.224908
0.795532 0.005329 0.199139
0.707023 0.014017 0.278960
0.759255 0.007812 0.232933
0.759220 0.046776 0.194004
0.935447 0.000010 0.064543
0.862688 0.009209 0.128103
0.742724 0.031761 0.225515
0.907985 0.005926 0.086090
0.893073 0.000894 0.106033
0.793248 0.016657 0.190096
0.839239 0.016957 0.143804
0.856116 0.005485 0.138400
0.273735 0.493592 0.232674
0.849945 0.013758 0.136298
0.662150 0.054259 0.283591
0.545732 0.216918 0.237350
0.583249 0.166346 0.250406
0.857543 0.037232 0.105224
0.934133 0.015171 0.050696
0.992862 0.000010 0.007128
0.999980 0.000010 0.000010
0.930828 0.000010 0.069162
0.961546 0.000010 0.038444
0.957458 0.000010 0.042532
0.986048 0.000010 0.013942
0.655724 0.033963 0.310313
0.543872 0.034068 0.422060
0.555560 0.035683 0.408757
0.999980 0.000010 0.000010
0.862847 0.003221 0.133931
0.958800 0.000010 0.041190
0.794244 0.023643 0.182113
0.996714 0.000010 0.003276
0.960282 0.021496 0.018222
0.999325 0.000010 0.000665
0.999980 0.000010 0.000010
0.999980 0.000010 0.000010
0.999980 0.000010 0.000010
0.596796 0.367457 0.035747
0.999980 0.000010 0.000010
0.796367 0.203623 0.000010
0.684056 0.019378 0.296566
0.927518 0.011621 0.060861
0.790582 0.025041 0.184377
0.812725 0.024609 0.162665
0.772466 0.013758 0.213776
0.802385 0.011539 0.186076
0.667416 0.051060 0.281524
0.999980 0.000010 0.000010
0.910115 0.000010 0.089875
0.973746 0.000010 0.026244
0.615762 0.033320 0.350918
0.889691 0.000010 0.110299
0.733793 0.011204 0.255002
0.821655 0.015733 0.162612
0.718540 0.016317 0.265144
0.779012 0.107539 0.113449
0.610426 0.044121 0.345453
0.830231 0.023749 0.146020
0.471961 0.152670 0.375369
0.702735 0.068668 0.228597
0.861678 0.011452 0.126870
0.830189 0.064201 0.105611
0.563071 0.104203 0.332726
0.001696 0.068294 0.930010
0.172905 0.069894 0.757201
0.061261 0.061755 0.876985
0.208146 0.100252 0.691601
0.216620 0.099157 0.684223
0.236435 0.060982 0.702584
0.495827 0.107615 0.396558
0.258067 0.118851 0.623082
0.392951 0.107915 0.499134
0.539103 0.081193 0.379704
0.289631 0.057423 0.652945
0.426476 0.060924 0.512600
0.431916 0.009352 0.558732
0.422697 0.036045 0.541259
0.411908 0.000010 0.588082
0.558111 0.101440 0.340449
0.481373 0.090055 0.428572
0.554075 0.097398 0.348528
0.283465 0.053672 0.662863
0.432536 0.066216 0.501248
0.383056 0.046631 0.570313
0.325351 0.078163 0.596486
0.045615 0.000010 0.954375
0.239064 0.078364 0.682572
0.144994 0.000010 0.854996
0.145966 0.053006 0.801028
0.000010 0.000010 0.999980
0.057991 0.000010 0.941999
0.533924 0.074632 0.391444
0.434403 0.053420 0.512177
0.465170 0.063253 0.471576
0.248091 0.052801 0.699108
0.395267 0.007322 0.597410
0.330349 0.012133 0.657518
0.506153 0.096220 0.397626
0.553396 0.079227 0.367377
0.542244 0.088021 0.369735
0.361306 0.109455 0.529238
0.607462 0.092104 0.300434
0.469345 0.096344 0.434311
0.416911 0.100799 0.482291
0.448386 0.143772 0.407842
0.391444 0.104353 0.504203
0.299172 0.090931 0.609897
0.578636 0.050073 0.371291
0.430629 0.058326 0.511045
0.925030 0.000010 0.074960
0.894181 0.019041 0.086778
0.920936 0.000010 0.079054
0.965499 0.000010 0.034491
0.951160 0.000010 0.048830
0.958688 0.000010 0.041302
0.589373 0.054907 0.355720
0.821448 0.032411 0.146141
0.309359 0.128786 0.561855
0.728346 0.068907 0.202747
0.797141 0.011873 0.190986
0.675109 0.109697 0.215194
0.653811 0.052628 0.293561
0.483957 0.065999 0.450043
0.589907 0.052404 0.357689
0.319861 0.098236 0.581903
0.231953 0.102224 0.665823
0.262071 0.083065 0.654864
0.479003 0.033478 0.487520
0.543135 0.033065 0.423800
0.635186 0.088380 0.276434
0.434718 0.144212 0.421070
0.553637 0.129632 0.316731
0.746174 0.035650 0.218176
0.712653 0.038968 0.248379
0.738134 0.034419 0.227447
0.495564 0.123107 0.381329
0.570872 0.114375 0.314753
0.542158 0.117099 0.340742
0.331169 0.101278 0.567553
0.387567 0.101783 0.510650
0.352012 0.094685 0.553303
0.454723 0.073620 0.471656
0.372607 0.078243 0.549149
0.327373 0.086934 0.585693
0.430922 0.091543 0.477535
0.385187 0.083161 0.531651
0.393831 0.173980 0.432189
0.393615 0.140004 0.466381
0.367448 0.167037 0.465515
0.248917 0.100433 0.650650
0.318177 0.081991 0.599832
0.290081 0.084706 0.625213
0.404671 0.133872 0.461457
0.697187 0.030802 0.272011
0.535267 0.084377 0.380356
0.656698 0.070036 0.273266
0.530654 0.061917 0.407429
0.583742 0.067241 0.349017
0.604051 0.080952 0.314997
0.394928 0.137655 0.467416
0.497244 0.105027 0.397730
0.278565 0.126417 0.595018
0.246094 0.103140 0.650765
0.420640 0.119000 0.460360
0.358714 0.096140 0.545145
0.509513 0.115012 0.375475
0.178764 0.103052 0.718184
